https://github.com/JeffersonLab/hcswif
Swif2
my_analysis
./hcswif.py --mode replay --spectrometer COIN --run 7820 6020 6111 7796 --events 11111 --name swif2Name --account hallc
swif2 import -file json_file_path/swif2Name.json
swif2 run swif2Name
================
./hcswif.py --mode replay --spectrometer COIN --run 7820 6020 6111 7796 --events -1 --name swif2Name --account hallc 
--disk 1000000000 --ram 1000000000 --cpu 1

664 total: Dec2,19
./hcswif.py --mode replay --spectrometer COIN --run 6018 6019 6020 6021 6022 6023 6024 6025 6026 6027 6028 6029 6030 6031 6032 6033 6034 6035 6036 6038 6039 6040 6041 6042 6043 6044 6045 6046 6049 6050 6051 6052 6053 6054 6055 6056 6057 6058 6059 6060 6061 6062 6063 6064 6065 6066 6067 6068 6070 6071 6073 6080 6081 6082 6083 6084 6085 6086 6087 6088 6089 6090 6091 6093 6094 6095 6096 6097 6098 6099 6101 6102 6103 6104 6105 6106 6109 6110 6111 6112 6114 6115 6116 6117 6118 6119 6120 6121 6122 6123 6124 6125 6126 6127 6128 6129 6130 6132 6133 6135 6136 6137 6138 6139 6140 6141 6142 6144 6145 6146 6154 6155 6163 6164 6166 6168 6169 6170 6171 6172 6174 6175 6177 6178 6179 6180 6181 6182 6183 6184 6185 6186 6187 6188 6189 6190 6192 6193 6194 6195 6196 6197 6198 6199 6200 6201 6202 6203 6204 6205 6208 6209 6210 6211 6212 6213 6214 6215 6216 6217 6219 6220 6221 6222 6223 6224 6225 6237 6240 6241 6242 6243 6244 6245 6246 6247 6248 6249 6250 6251 6252 6253 6254 6255 6256 6257 6258 6259 6260 6261 6262 6263 6264 6265 6266 6267 6270 6271 6272 6273 6274 6275 6276 6281 6282 6284 6285 6286 6287 6288 6289 6290 6291 6292 6293 6294 6295 6296 6297 6298 6299 6300 6301 6302 6304 6305 6306 6307 6308 6309 6310 6311 6312 6313 6314 6315 6316 6317 6318 6322 6323  6325 6326 6327 6328 6329 6331 6332 6334 6335 6336 6337 6338 6339 6340 6341 6342 6343 6344 6345 6346 6347 6348 6349 6350 6351 6352 6353 6354 6355 6356 6357 6358 6359 6360 6363 6364 6365 6367 6368 6370 6371 6372 6373 6374 6375 6376 6377 6378 6379 6380 6381 6382 6383 6385 6386 6387 6388 6389 6390 6391 6393 6394 6395 6396 6397 6398 6399 6400 6401 6402 6403 6404 6405 6406 6407 6408 6410 6411 6412 6413 6415 6416 6417 6419 6421 6422 6423 6425 6426 6427 6428 6429 6430 6431 6432 6433 6434 6435 6436 6439 6440 6441 6442 6443 6444 6445 6446 6447 6448  6451 6452 6453 6454 6455 6456 6459 6460 6461 6462 6463 6464 6465 6466 6467 6468 6469 6470 6471 6472 6473 6474 6475 6476 6477 6478 6479 6482 6483 6484 6485 6486 6487 6488 6489 6490 6491 6493 6494 6495 6496 6497 6498 6499 6500 6501 6502 6503 6504 6506 6507 6509 6510 6512 6513 6514 6515 6516 6517 6518 6519 6520 6521 6522 6523 6524 6525 6526 6527 6528 6529 6531 6532 6533 6534 6535 6536 6537 6538 6539 6541 6542 6543 6544 6545 6546 6547 6548 6549 6550 6551 6552 7593 7594 7595 7596 7597 7599 7600 7601 7602 7603 7604 7605 7606 7607 7608 7609 7610 7611 7612 7613 7614 7615 7616 7617 7618 7619 7620 7621 7622 7623 7625 7626 7627 7628 7629 7630 7631 7632 7633 7634 7635 7636 7637 7638 7639 7640 7641 7642 7643 7644 7645 7646 7647 7648 7649 7650 7651 7652 7654 7655 7657 7658 7659 7660 7661 7662 7663 7666 7667 7668 7669 7670 7671 7672 7673 7674 7675 7676 7677 7678 7679 7680 7681 7682 7684 7685 7686 7687 7688 7689 7690 7692 7694 7695 7697 7698 7699 7702 7703 7706 7707 7708 7709 7710 7711 7712 7713 7714 7715 7716 7717 7718 7719 7720 7721 7722 7723 7724 7725  7727 7728 7729 7730 7733 7735 7736 7737 7738 7739 7740 7741 7742 7743 7747 7748 7749 7750 7751 7752 7753 7754 7755 7757 7758 7759 7760 7762 7763 7765 7766 7768 7769 7770 7771 7772 7773 7774 7775 7776 7777 7778 7779 7781 7782 7783 7784 7785 7786 7787 7790 7791 7792 7793 7794 7796 7797 7798 7799 7800 7801 7802 7803 7804 7805 7806 7807 7808 7809 7811 7812 7813 7814 7815 7816 7817 7819 7820 --events -1 --project c-sidis18 --name no_purne --ram 3000000000 --disk 4000000000 --cpu 1


To see the list: swi2 list
To see how many problamatic Jobs: 

swif2 status jobname -summary
swif2 status csv_simc -summary



This shows how many job succeed and how many failed and also the reason of failure
To re-run the faiiled jobs:

swif2 retry-jobs csv_simc -problems SITE_PREP_FAIL
swif2 retry-jobs csv_simc -problems SLURM_FAILED
swif2 retry-jobs csv_simc -problems SWIF_SYSTEM_ERROR

===============Modify jobs===
adding GB
go to scicomp.jlab.org and read the problem and if DISK requested is 
smaller than actual needed then add disk
=========>
swif2 modify-jobs xxxx -ram add 8gb -problems SITE_PREP_FAIL
swif2 retry-jobs xxxx -problems SITE_PREP_FAIL
(lets see if it works, so far not sure: it did not work??)
=====>oct 03, 2022
om scicomp.jlab.org: click on job state, and it lists all the problemistic runs, and
copy and paste to libra office, and remove the first words, and just keep the run numbers,
and convert the column to row (https://www.browserling.com/tools/text-columns-to-rows), and resubmitted
job with 20 gb disk and 20 gb Ram, lets see if it is too much.
/u/group/c-csv/hdbhatt/my_analysis/hcswif> ./hcswif.py --mode replay --spectrometer COIN --run 6018 6019 6020 6021 6030 6031 6032 6033 6034 6038 6039 6044 6054 6061 6063 6064 6065 6066 6068 6070 6071 6073 6082 6083 6084 6086 6088 6089 6090 6091 6093 6099 6102 6115 6122 6123 6124 6125 6136 6137 6138 6139 6140 6141 6144 6145 6170 6171 6177 6178 6179 6180 6185 6186 6187 6188 6189 6190 6194 6195 6198 6199 6200 6201 6202 6205 6209 6219 6245 6248 6249 6250 6257 6259 6266 6267 6270 6271 6272 6281 6282 6284 6286 6290 6292 6293 6299 6301 6302 6307 6308 6309 6322 6325 6331 6332 6342 6343 6348 6349 6350 6355 6356 6357 6375 6376 6377 6378 6379 6380 6387 6388 6394 6395 6398 6402 6403 6404 6415 6419 6421 6430 6434 6435 6459 6461 6462 6465 6466 6467 6486 6489 6490 6493 6497 6498 6499 6500 6501 6506 6507 6509 6510 6515 6517 6519 6524 6528 6529 6535 6536 6537 6541 6542 6543 6545 6548 6549 6550 6551 7608 7609 7611 7612 7613 7614 7615 7669 7670 7671 7672 7679 7680 7681 7682 7689 7699 7702 7737 7738 7740 7757 7758 7759 7798 7799 7805 7806 7814 --events -1 --name xxxx_1 --account hallc --disk 20000000000 --ram 20000000000 --cpu 1



==================================
These are just examples of problems, so after looking for the problems, state that problem only in above line

HALL D WIKI
https://halldweb.jlab.org/wiki/index.php/DEPRECATED_Offline_Monitoring_Archived_Data
================================
swif2 More instructions are here in HallD wiki(replace swif by swif2)

swif2 https://halldweb.jlab.org/wiki/index.php/DEPRECATED_Offline_Monitoring_Archived_Data

and hallc hcswif:
https://github.com/JeffersonLab/hcswif
https://scicomp.jlab.org/docs/swif2
